w = 5;
C = 0.5;
